11111111000000000000000000000000000000000000000000000000000000000000000000000000000000000000000
11111111000000000000000000000000000000000000000000000000000000000000000000000000000000000000000
11111111100000000000000000000000000000000000000000000000000000000000000000000000000000000000000
11111111111100000000000000000000000000000000000000000000000000000000000000000000000000000000000
11111111111100000000000000000000000000000000000000000000000000000000000000000000000000000000000
00000011111100000000000000000000000000000000000000000000000000000000000000000000000000000000000
00000011111100000000000000000000000000000000000000000000000000000000000000000000000000000000000
00000001111110000000000000000000000000000000000000000000000000000000000000000000000000000000000
00000000011111111111111111111111111100000000000000000000000000000000000000000000000000000000000
00000000001111111111111111111111111100000000000000000000000000000000000000000000000000000000000
00000000000011111111111111111111111000000000000000000000000000000000000000000000000000000000000
00000000000000000000000000000000000000000000000000000000000000000000000000000000000000000000000
00000000000000000000000000000000000000000000000000000000000000000000000000000000000000000000000
00000000000000000000000000000000000000000000000000000000000000000000000000000000000000000000000
00000000000000000000000000000000000000000000000000000000000000000000000000000000000000000000000
00000000000000000000000000000000000000000000000000000000000000000000000000000000000000000000000
00000000000000000000000000000000000000000000000000000000000000000000000000000000000000000000000
00000000000000000000000000000000000000000000000000000000000000000000000000000000000000000000000
00000000000000000000000000000000000000000000000000000000000000000000000000000000000000000000000
00000000000000000000000000000000000000000000000000000000000000000000000000000000000000000000000
00000000000000000000000000000000000000000000000000000000000000000000000000000000000000000000000
00000000000000000000000000000000000000000000000000000000000000000000000000000000000000000000000
00000000000000000000000000000000000000000000000000000000000000000000000000000000000000000000000
00000000000000000000000000000000000000000000000000000000000000000000000000000000000000000000000
00000000000000000000000000000000000000000000000000000000000000000000000000000000000000000000000
00000000000000000000000000000000000000000000000000000000000000000000000000000000000000000000000
00000000000000000000000000000000000000000000000000000000000000000000000000000000000000000000000
00000000000000000000000000000000000000000000000000000000000000000000000000000000000000000000000
00000000000000000000000000000000000000000000000000000000000000000000000000000000000000000000000
00000000000000000000000000000000000000000000000000000000000000000000000000000000000000000000000
00000000000000000000000000000000000000000000000000000000000000000000000000000000000000000000000
00000000000000000000000000000000000000000000000000000000000000000000000000000000000000000000000
