0000000000000000000000000000000000000000000000000000000000
0011100000000000000000000000000000000000000000000000000000
001S100000000000000000000000000000000000000000000000000000
0011111111100000011111111111111111000000000000000000000000
00111111111000000111Z1111111111111100000000000000000000000
0000000011100000011111111111111111111111111111111111111111
000000001111111111111111111Z111111111111111111111111111111
0000000011111111111111111111111111000000000000000000000000
0000000011100000011111111111111111000000000000000000000000
0000111111000000011111111111111111000000000000000000000000
0011111110000000000000000000000000000000000000000000000000
0011100000000000000000000000000000000000000000000000000000
0011111111100000000000000000000000000000000000000000000000
0011111111100000000000000000000000000000000000000000000000
0000000011100000000000000000000000000000000000000000000000
0000000011100000000000000000000000000000000000000000000000
0000000011100000000000000000000000000000000000000000000000
000000001X100000000000000000000000000000000000000000000000
